9
GBCMA3488-12|Gmelinoides_fasciatus|COI-5P|FJ715823      0.0000000 1.0219451 1.0079210 0.9916105 0.9804624 1.0368037 1.0207615 1.0697860 1.0697860 
GBCM17542-19|Eulimnogammarus_verrucosus|COI-5P|MK887430 1.0219451 0.0000000 0.0098965 0.1834139 0.1834233 0.0332971 0.0332892 0.1319154 0.1319154 
GBCM17673-19|Eulimnogammarus_verrucosus|COI-5P|MK887561 1.0079210 0.0098965 0.0000000 0.1722032 0.1722107 0.0310484 0.0310413 0.1353017 0.1353017 
GBCM17488-19|Eulimnogammarus_verrucosus|COI-5P|MK887384 0.9916105 0.1834139 0.1722032 0.0000000 0.0038890 0.1462797 0.1433958 0.1844110 0.1844110 
GBCM17690-19|Eulimnogammarus_verrucosus|COI-5P|MK887578 0.9804624 0.1834233 0.1722107 0.0038890 0.0000000 0.1462835 0.1433992 0.1844208 0.1844208 
GBCM17539-19|Eulimnogammarus_verrucosus|COI-5P|MK887427 1.0368037 0.0332971 0.0310484 0.1462797 0.1462835 0.0000000 0.0119893 0.1343288 0.1343288 
GBCM17541-19|Eulimnogammarus_verrucosus|COI-5P|MK887429 1.0207615 0.0332892 0.0310413 0.1433958 0.1433992 0.0119893 0.0000000 0.1302820 0.1302820 
GBCM17476-19|Eulimnogammarus_verrucosus|COI-5P|MK887367 1.0697860 0.1319154 0.1353017 0.1844110 0.1844208 0.1343288 0.1302820 0.0000000 0.0000010 
GBCM17564-19|Eulimnogammarus_verrucosus|COI-5P|MK887446 1.0697860 0.1319154 0.1353017 0.1844110 0.1844208 0.1343288 0.1302820 0.0000010 0.0000000 
