9
GBCM17541-19|Eulimnogammarus_verrucosus|COI-5P|MK887429 0.0000000 2.2065817 2.1894827 2.5568857 2.4629552 2.6547290 2.5085714 2.4590304 2.3126552 
GBCMA3488-12|Gmelinoides_fasciatus|COI-5P|FJ715823      2.2065817 0.0000000 0.0039019 0.0862133 0.0845673 0.0831001 0.0982784 0.0817477 0.0947759 
GBCMA3522-12|Gmelinoides_fasciatus|COI-5P|FJ715857      2.1894827 0.0039019 0.0000000 0.0801229 0.0845673 0.0770872 0.0982784 0.0758364 0.0886421 
GBCMA3550-12|Gmelinoides_fasciatus|COI-5P|FJ715888      2.5568857 0.0862133 0.0801229 0.0000000 0.0333809 0.0328903 0.0286719 0.0233023 0.0431153 
GBCMA3546-12|Gmelinoides_fasciatus|COI-5P|FJ715881      2.4629552 0.0845673 0.0845673 0.0333809 0.0000000 0.0573442 0.0475333 0.0211499 0.0458460 
GBCMA3534-12|Gmelinoides_fasciatus|COI-5P|FJ715869      2.6547290 0.0831001 0.0770872 0.0328903 0.0573442 0.0000000 0.0411964 0.0407997 0.0460380 
GBCMA3552-12|Gmelinoides_fasciatus|COI-5P|FJ715890      2.5085714 0.0982784 0.0982784 0.0286719 0.0475333 0.0411964 0.0000000 0.0466627 0.0308654 
GBCMA3515-12|Gmelinoides_fasciatus|COI-5P|FJ715850      2.4590304 0.0817477 0.0758364 0.0233023 0.0211499 0.0407997 0.0466627 0.0000000 0.0304497 
GBCMA3517-12|Gmelinoides_fasciatus|COI-5P|FJ715852      2.3126552 0.0947759 0.0886421 0.0431153 0.0458460 0.0460380 0.0308654 0.0304497 0.0000000 
